AUC: 0.9940969246881842
Accuracy: 0.9656488549618321
