AUC: 0.9914119775302295
Accuracy: 0.9618320610687023
