AUC: 0.9953537084642483
Accuracy: 0.9255725190839694
