AUC: 0.9976958964105493
Accuracy: 0.9694656488549618
