AUC: 0.9820622679234504
Accuracy: 0.9446564885496184
