AUC: 0.9366085880224698
Accuracy: 0.7748091603053435
