AUC: 0.9973531371988955
Accuracy: 0.9732824427480916
