AUC: 0.9914310197086547
Accuracy: 0.9599236641221374
