AUC: 0.9912596401028277
Accuracy: 0.9637404580152672
