AUC: 0.9908597543558983
Accuracy: 0.9580152671755725
