AUC: 0.9867466438160526
Accuracy: 0.9293893129770993
