AUC: 0.9977339807673997
Accuracy: 0.9732824427480916
