AUC: 0.9909740074264496
Accuracy: 0.9599236641221374
