AUC: 0.9757973912215558
Accuracy: 0.9122137404580153
