AUC: 0.9910501761401505
Accuracy: 0.9599236641221374
