AUC: 0.9872226982766829
Accuracy: 0.9599236641221374
