AUC: 0.9937732076549557
Accuracy: 0.9656488549618321
