AUC: 0.9976958964105493
Accuracy: 0.9732824427480916
