AUC: 0.9962867752070838
Accuracy: 0.9561068702290076
