AUC: 0.9907835856421974
Accuracy: 0.9561068702290076
