AUC: 0.9903855813875051
Accuracy: 0.9219312275089964
