AUC: 0.9922498333809388
Accuracy: 0.9675572519083969
