AUC: 0.990745501285347
Accuracy: 0.9599236641221374
