AUC: 0.9912215557459773
Accuracy: 0.9599236641221374
