AUC: 0.9976768542321242
Accuracy: 0.9694656488549618
