AUC: 0.9938303341902314
Accuracy: 0.9656488549618321
