AUC: 0.9910882604970008
Accuracy: 0.9599236641221374
