AUC: 0.9933733219080263
Accuracy: 0.950381679389313
