AUC: 0.9976578120536989
Accuracy: 0.9694656488549618
