AUC: 0.9914310197086547
Accuracy: 0.9618320610687023
