AUC: 0.9937351232981053
Accuracy: 0.9656488549618321
