AUC: 0.9936779967628296
Accuracy: 0.9618320610687023
