AUC: 0.9914500618870798
Accuracy: 0.9637404580152672
