AUC: 0.997753022945825
Accuracy: 0.9694656488549618
