AUC: 0.997124631057793
Accuracy: 0.9484732824427481
