AUC: 0.9976387698752738
Accuracy: 0.9713740458015268
