AUC: 0.9903919117492058
Accuracy: 0.9334266293482607
