AUC: 0.9934494906217272
Accuracy: 0.9675572519083969
