AUC: 0.9968580405598401
Accuracy: 0.9446564885496184
