AUC: 0.9976578120536989
Accuracy: 0.9713740458015268
