AUC: 0.9870513186708559
Accuracy: 0.9083969465648855
