AUC: 0.985527944396839
Accuracy: 0.9522900763358778
