AUC: 0.9912786822812529
Accuracy: 0.9599236641221374
