AUC: 0.9896410549366847
Accuracy: 0.9541984732824428
