AUC: 0.9976197276968486
Accuracy: 0.9694656488549618
