AUC: 0.9913548509949538
Accuracy: 0.9599236641221374
