AUC: 0.9909549652480244
Accuracy: 0.9599236641221374
