AUC: 0.9913358088165286
Accuracy: 0.9618320610687023
