AUC: 0.9915833571360563
Accuracy: 0.9618320610687023
