AUC: 0.9940017137960582
Accuracy: 0.9675572519083969
