AUC: 0.9911453870322765
Accuracy: 0.9599236641221374
