AUC: 0.9909359230695991
Accuracy: 0.9599236641221374
