AUC: 0.9945539369703894
Accuracy: 0.9713740458015268
