AUC: 0.9977149385889745
Accuracy: 0.9713740458015268
