AUC: 0.9936018280491288
Accuracy: 0.9675572519083969
