AUC: 0.9865752642102257
Accuracy: 0.9465648854961832
