AUC: 0.9936970389412548
Accuracy: 0.9637404580152672
