AUC: 0.9912405979244026
Accuracy: 0.9599236641221374
