AUC: 0.997657812053699
Accuracy: 0.9713740458015268
