AUC: 0.9937541654765305
Accuracy: 0.9656488549618321
