AUC: 0.9977339807673998
Accuracy: 0.9732824427480916
