AUC: 0.9911263448538512
Accuracy: 0.9599236641221374
