AUC: 0.997657812053699
Accuracy: 0.9694656488549618
