AUC: 0.9977149385889746
Accuracy: 0.9694656488549618
