AUC: 0.9972579263067696
Accuracy: 0.9751908396946565
