AUC: 0.9977720651242503
Accuracy: 0.9751908396946565
