AUC: 0.9918309054555842
Accuracy: 0.9599236641221374
