AUC: 0.9936589545844045
Accuracy: 0.9675572519083969
