AUC: 0.995144244501571
Accuracy: 0.9522900763358778
