AUC: 0.9948586118251929
Accuracy: 0.9637404580152672
