AUC: 0.9911263448538513
Accuracy: 0.9618320610687023
