AUC: 0.993792249833381
Accuracy: 0.9656488549618321
