AUC: 0.9911644292107017
Accuracy: 0.9599236641221374
