AUC: 0.9913548509949537
Accuracy: 0.9618320610687023
