AUC: 0.975188041511949
Accuracy: 0.9351145038167938
