AUC: 0.993449490621727
Accuracy: 0.9694656488549618
