AUC: 0.9977339807673998
Accuracy: 0.9751908396946565
