AUC: 0.9938112920118062
Accuracy: 0.9656488549618321
