AUC: 0.9938303341902313
Accuracy: 0.9637404580152672
