AUC: 0.9976387698752738
Accuracy: 0.9694656488549618
