AUC: 0.996324859563934
Accuracy: 0.9675572519083969
