AUC: 0.9915071884223555
Accuracy: 0.9637404580152672
