AUC: 0.9938684185470817
Accuracy: 0.9656488549618321
