AUC: 0.9976006855184234
Accuracy: 0.9732824427480916
