AUC: 0.9978482338379511
Accuracy: 0.9751908396946565
