AUC: 0.9980957821574787
Accuracy: 0.9770992366412213
