AUC: 0.9944587260782634
Accuracy: 0.9656488549618321
