AUC: 0.9961915643149576
Accuracy: 0.950381679389313
