AUC: 0.9913358088165285
Accuracy: 0.9599236641221374
