AUC: 0.9909930496048748
Accuracy: 0.9599236641221374
