AUC: 0.991373893173379
Accuracy: 0.9618320610687023
