AUC: 0.9977720651242502
Accuracy: 0.9713740458015268
