AUC: 0.9977530229458251
Accuracy: 0.9675572519083969
