AUC: 0.9116442921070169
Accuracy: 0.8568702290076335
