AUC: 0.8837665428925069
Accuracy: 0.767175572519084
